	DATA 50,5
	DATA -8,53,-8,53,-8,53,-8,54,-8,53
	DATA -8,53,8,53,-8,53,-8,53,-8,53
	DATA -8,54,-8,53,-8,53,-8,53,-8,54
	DATA -8,53,-8,53,-8,53,-8,53,-8,53
	DATA -8,54,-8,53,-8,53,-8,53,-8,54
	DATA -8,53,-8,53,-8,53,-8,53,-8,53
	DATA -8,53,-8,54,-8,53,-8,53,-8,53
	DATA -8,54,-8,53,-8,53,-8,53,-8,53
	DATA -8,54,-8,53,-8,53,-8,53,-8,54
	DATA -8,53,-8,53,-8,53,-8,53,-8,53
	DATA 8,0,8,0,8,0,8,0,8,0
	DATA 8,0,8,0,-8,54,8,0,8,0
	DATA 8,0,8,0,8,0,8,0,8,0
	DATA 8,0,8,0,8,0,8,0,-8,54
	DATA 8,0,8,0,8,0,8,0,8,0
	DATA 8,0,8,0,8,0,8,0,8,0
	DATA 8,0,8,0,-8,54,8,0,8,0
	DATA 8,0,8,0,8,0,8,0,8,0
	DATA 8,0,8,0,8,0,8,0,8,0
	DATA 8,0,-8,54,8,0,8,0,8,0
	DATA 8,0,8,0,8,0,8,0,8,0
	DATA 8,0,8,0,8,0,8,0,8,0
	DATA 8,0,8,0,8,0,8,0,-8,54
	DATA 8,0,8,0,8,0,8,0,8,0
	DATA 8,0,8,0,8,0,8,0,8,0
	DATA 8,0,8,0,8,0,8,0,8,0
	DATA 8,0,8,0,8,0,8,0,8,0
	DATA 8,0,8,0,8,0,8,0,8,0
	DATA 8,0,8,0,8,0,-8,54,8,0
	DATA 8,0,8,0,8,0,8,0,8,0
	DATA 8,0,8,0,8,0,8,0,8,0
	DATA 8,0,8,0,8,0,8,0,8,0
	DATA 8,0,8,0,8,0,-8,54,8,0
	DATA 8,0,8,0,8,0,8,0,8,0
	DATA 8,0,8,0,8,0,8,0,8,0
	DATA 8,0,8,0,8,0,8,0,8,0
	DATA 8,0,8,0,8,0,8,0,8,0
	DATA 8,0,-8,54,8,0,8,0,8,0
	DATA 8,0,8,0,8,0,8,0,8,0
	DATA 8,0,8,0,8,0,8,0,8,0
	DATA -8,53,-8,53,-8,53,-8,53,-8,54
	DATA -8,53,-8,53,-8,54,-8,53,-8,53
	DATA -8,53,-8,53,-8,53,-8,53,-8,54
	DATA -8,53,-8,53,-8,53,-8,54,-8,53
	DATA -8,53,-8,54,-8,53,-8,53,-8,53
	DATA -8,53,-8,54,-8,53,-8,54,-8,53
	DATA -8,53,-8,53,-8,53,-8,53,-8,53
	DATA -8,53,-8,53,-8,54,-8,53,-8,53
	DATA -8,53,-8,53,-8,53,-8,54,-8,53
	DATA -8,53,-8,53,-8,54,-8,53,-8,53