	DATA 5,50
	DATA -8,53,8,0,8,0,8,0,-8,53
	DATA -8,54,8,0,8,0,8,0,-8,53
	DATA -8,53,8,0,8,0,8,0,-8,54
	DATA -8,53,8,0,8,0,8,0,-8,53
	DATA -8,53,8,0,8,0,8,0,-8,53
	DATA -8,53,8,0,8,0,8,0,-8,53
	DATA -8,53,-8,54,8,0,8,0,-8,54
	DATA -8,53,8,0,8,0,8,0,-8,53
	DATA -8,53,8,0,8,0,8,0,-8,53
	DATA -8,53,8,0,8,0,8,0,-8,54
	DATA -8,54,8,0,8,0,8,0,-8,53
	DATA -8,53,8,0,8,0,8,0,-8,53
	DATA -8,53,8,0,8,0,8,0,-8,53
	DATA -8,53,8,0,8,0,8,0,-8,54
	DATA -8,54,8,0,8,0,8,0,-8,53
	DATA -8,53,8,0,8,0,8,0,-8,53
	DATA -8,53,8,0,-8,54,-8,54,-8,53
	DATA -8,53,8,0,8,0,8,0,-8,53
	DATA -8,53,8,0,8,0,8,0,-8,53
	DATA -8,53,8,0,8,0,8,0,-8,53
	DATA -8,53,8,0,8,0,8,0,-8,53
	DATA -8,53,8,0,8,0,8,0,-8,53
	DATA -8,53,8,0,-8,54,8,0,-8,53
	DATA -8,54,8,0,8,0,8,0,-8,53
	DATA -8,53,8,0,8,0,8,0,-8,53
	DATA -8,53,8,0,8,0,8,0,-8,54
	DATA -8,53,8,0,8,0,8,0,-8,53
	DATA -8,54,8,0,8,0,8,0,-8,53
	DATA -8,53,8,0,8,0,8,0,-8,53
	DATA -8,53,8,0,8,0,8,0,-8,53
	DATA -8,53,8,0,8,0,8,0,-8,53
	DATA -8,53,8,0,-8,54,8,0,-8,53
	DATA -8,53,8,0,8,0,-8,54,-8,53
	DATA -8,53,8,0,8,0,8,0,-8,53
	DATA -8,54,8,0,8,0,8,0,-8,53
	DATA -8,53,8,0,8,0,8,0,-8,53
	DATA -8,53,8,0,8,0,8,0,-8,53
	DATA -8,53,8,0,8,0,8,0,-8,54
	DATA -8,53,8,0,-8,54,8,0,-8,53
	DATA -8,54,8,0,8,0,8,0,-8,53
	DATA -8,53,8,0,8,0,8,0,-8,53
	DATA -8,53,8,0,-8,54,8,0,-8,54
	DATA -8,53,8,0,8,0,8,0,-8,53
	DATA -8,53,8,0,8,0,8,0,-8,53
	DATA -8,53,8,0,8,0,8,0,-8,54
	DATA -8,53,8,0,8,0,8,0,-8,53
	DATA -8,54,8,0,8,0,8,0,-8,53
	DATA -8,53,8,0,8,0,8,0,-8,53
	DATA -8,53,8,0,8,0,8,0,-8,53
	DATA -8,53,8,0,8,0,8,0,-8,53