	DATA 20,20
	DATA -82,0,-82,0,-82,0,-82,0,-45,0
	DATA 45,0,45,0,45,0,45,0,-45,0
	DATA -82,0,-82,0,-45,0,-45,0,-45,0
	DATA -45,0,-45,0,-82,0,-82,0,-82,0
	DATA -82,0,32,0,32,0,32,0,-60,0
	DATA 60,0,60,0,60,0,60,0,-60,0
	DATA 32,0,32,0,-60,0,60,0,60,0
	DATA 60,0,-60,0,32,0,32,0,-82,0
	DATA -82,0,-82,0,32,0,32,0,-49,0
	DATA -50,0,-48,0,-48,0,-50,0,-51,0
	DATA 32,0,32,0,-49,0,-50,0,-48,0
	DATA -50,0,-51,0,32,0,32,0,-82,0
	DATA 32,0,32,0,-82,0,32,0,-64,0
	DATA -65,0,63,0,63,0,-65,0,-66,0
	DATA 32,0,32,0,-64,0,-65,0,63,0
	DATA -65,0,-66,0,32,0,-82,0,-82,0
	DATA 32,0,32,0,32,0,82,0,32,0
	DATA 32,0,32,0,32,0,32,0,32,0
	DATA 32,0,32,0,32,0,32,0,32,0
	DATA 32,0,32,0,32,0,32,0,-82,0
	DATA -82,0,32,0,32,0,-82,0,32,0
	DATA 32,0,32,0,32,0,32,0,-32,107
	DATA 32,0,32,0,32,0,32,0,32,0
	DATA 32,0,32,0,32,0,32,0,32,0
	DATA 32,0,-82,0,32,0,32,0,32,0
	DATA 32,0,32,0,32,0,32,0,32,0
	DATA 32,0,32,0,-32,107,32,0,32,0
	DATA 32,0,32,0,32,0,32,0,-82,0
	DATA 32,0,32,0,-82,0,32,0,32,0
	DATA 32,0,32,0,32,0,32,0,32,0
	DATA 32,0,32,0,32,0,32,0,32,0
	DATA 32,0,32,0,32,0,32,0,-82,0
	DATA 32,0,32,0,-82,0,-82,0,32,0
	DATA 32,0,32,0,32,0,32,0,32,0
	DATA 32,0,32,0,32,0,32,0,32,45
	DATA 32,45,32,45,32,45,32,45,-82,0
	DATA 32,0,32,0,-82,0,32,0,32,0
	DATA -82,0,32,0,32,0,32,0,-82,0
	DATA -82,0,-82,0,32,0,32,0,-32,60
	DATA -32,60,-32,60,-32,60,-32,60,-82,0
	DATA 32,0,-82,0,-82,0,32,0,32,0
	DATA 32,0,32,0,32,0,32,0,32,0
	DATA 32,0,32,0,32,0,32,0,-32,49
	DATA 32,50,-48,0,32,50,-32,51,-82,0
	DATA 32,0,-82,0,32,0,32,0,32,0
	DATA 32,0,32,0,32,108,32,109,32,110
	DATA 32,0,32,0,32,0,32,0,-32,64
	DATA -32,65,63,0,-32,65,-32,66,-82,0
	DATA -82,0,-82,0,32,0,32,0,32,0
	DATA 32,0,32,0,32,123,32,124,32,125
	DATA 32,0,32,0,32,0,32,0,32,0
	DATA 32,0,32,0,32,0,32,0,-82,0
	DATA -82,0,32,0,32,0,-32,107,32,0
	DATA 32,0,32,0,32,138,32,139,32,140
	DATA 32,0,32,0,32,0,32,0,32,0
	DATA 32,0,32,0,32,0,32,0,-82,0
	DATA -82,0,32,0,32,0,32,0,32,0
	DATA 32,0,32,0,32,153,-32,154,32,155
	DATA 32,0,32,0,32,0,32,0,32,0
	DATA 32,73,32,74,32,0,32,0,-82,0
	DATA -82,0,32,0,32,0,32,0,32,0
	DATA 32,0,32,0,32,0,32,0,32,0
	DATA 32,0,32,0,32,0,32,0,32,0
	DATA -32,88,-32,89,32,0,32,0,-82,0
	DATA -82,0,32,0,32,0,32,0,-32,107
	DATA 32,0,32,0,32,0,32,0,32,0
	DATA 32,0,32,0,32,0,32,0,32,0
	DATA 32,0,32,0,32,0,32,0,-82,0
	DATA -82,0,32,0,32,0,32,0,32,0
	DATA 32,0,32,0,32,0,32,0,32,0
	DATA -32,107,32,0,32,0,32,0,32,0
	DATA 32,0,32,0,32,0,32,0,-82,0
	DATA -82,0,32,0,32,0,32,0,32,0
	DATA 32,0,32,0,32,0,32,0,32,0
	DATA 32,0,32,0,32,0,32,0,32,0
	DATA -82,0,-82,0,32,0,-82,0,-82,0
	DATA -82,0,-82,0,-82,0,-82,0,-82,0
	DATA -82,0,-82,0,-82,0,-82,0,-82,0
	DATA -82,0,-82,0,-82,0,-82,0,-82,0
	DATA -82,0,-82,0,-82,0,-82,0,-82,0