	DATA 20,20
	DATA -7,53,-7,53,7,0,-7,53,-7,53
	DATA -7,53,-7,53,-7,53,-7,53,-7,53
	DATA -7,53,-7,53,-7,53,-7,53,-7,53
	DATA 109,0,110,0,111,0,-7,53,-7,53
	DATA -7,53,-7,53,-7,53,-7,53,7,0
	DATA 7,0,7,0,7,0,7,0,7,0
	DATA 7,0,7,0,7,0,7,0,7,0
	DATA 7,0,7,0,7,0,-7,53,-7,53
	DATA -7,53,7,0,7,0,-7,53,7,0
	DATA 7,0,7,0,7,0,7,0,7,0
	DATA 7,0,7,0,7,0,7,0,7,0
	DATA 7,0,7,0,7,0,-7,53,7,0
	DATA -7,53,7,0,7,0,7,0,7,0
	DATA 7,0,7,0,7,0,7,0,7,0
	DATA 7,0,7,0,7,0,7,0,7,0
	DATA 7,0,7,0,-7,53,7,0,7,0
	DATA -7,53,7,0,7,0,7,0,-7,53
	DATA 7,0,7,0,7,0,7,0,7,0
	DATA 7,0,7,0,7,0,7,0,7,0
	DATA 7,0,7,0,-7,53,7,0,7,0
	DATA -7,53,7,0,7,0,-7,53,-7,53
	DATA 7,0,7,0,7,0,7,0,7,0
	DATA 7,0,7,0,7,0,7,0,7,0
	DATA 7,0,7,0,-7,53,7,0,7,0
	DATA -7,53,7,0,7,0,7,0,7,0
	DATA 7,0,7,0,7,0,7,0,-7,53
	DATA 7,0,7,0,7,0,7,0,7,0
	DATA 7,0,7,0,-7,53,-7,53,7,0
	DATA -7,53,7,0,7,0,-7,53,-7,53
	DATA -7,53,7,0,7,0,7,0,-7,53
	DATA 7,0,7,0,7,0,7,0,-7,53
	DATA 7,0,7,0,7,0,-7,53,-7,53
	DATA -7,53,7,0,-7,53,7,0,-7,53
	DATA -7,53,-7,53,-7,53,-7,53,-7,53
	DATA 7,0,7,0,7,0,7,0,-7,53
	DATA 7,0,7,0,7,0,7,0,-7,53
	DATA -7,53,7,0,7,0,7,0,7,0
	DATA 7,0,7,0,-7,53,-7,53,-7,53
	DATA 7,0,7,0,7,0,7,0,-7,53
	DATA 7,0,7,0,7,0,-7,53,-7,53
	DATA -7,53,-7,53,7,0,7,0,7,0
	DATA 7,0,7,0,7,0,7,0,7,0
	DATA -7,53,7,0,7,0,7,0,-7,53
	DATA 7,0,7,0,7,0,-7,53,7,0
	DATA 7,0,-7,53,7,0,7,0,7,0
	DATA 7,0,7,0,7,0,7,0,7,0
	DATA 7,0,7,0,-7,53,7,0,7,0
	DATA 7,0,7,0,7,0,-7,53,-7,53
	DATA -7,53,-7,53,7,0,7,0,7,0
	DATA 7,0,7,0,7,0,-7,53,-7,53
	DATA -7,53,7,0,7,0,7,0,-7,53
	DATA 7,0,7,0,7,0,7,0,-7,53
	DATA -7,53,7,0,7,0,7,0,7,0
	DATA 7,0,7,0,7,0,7,0,7,0
	DATA -7,53,7,0,-7,53,7,0,-7,53
	DATA 7,0,7,0,7,0,7,0,-7,53
	DATA -7,53,7,0,7,0,7,0,7,0
	DATA 7,0,7,0,7,0,7,0,7,0
	DATA 7,0,7,0,7,0,7,0,7,0
	DATA 7,0,7,0,7,0,7,0,-7,53
	DATA -7,53,7,0,7,0,7,0,7,0
	DATA 7,0,7,0,7,0,7,0,7,0
	DATA 7,0,7,0,7,0,7,0,7,0
	DATA 7,0,7,0,7,0,7,0,-7,53
	DATA -7,53,7,0,7,0,7,0,7,0
	DATA 7,0,7,0,7,0,7,0,7,0
	DATA 7,0,7,0,7,0,7,0,7,0
	DATA 7,0,7,0,7,0,7,0,-7,53
	DATA -7,53,7,0,7,0,7,0,7,0
	DATA 7,0,7,0,7,0,7,0,7,0
	DATA 7,0,7,0,7,0,7,0,7,0
	DATA 7,0,7,0,7,0,7,0,-7,53
	DATA 7,0,7,0,7,0,7,0,7,0
	DATA 7,0,7,0,7,0,7,0,-7,53
	DATA -7,53,-7,53,-7,53,7,0,7,0
	DATA 7,0,7,0,7,0,-7,53,7,0
	DATA -7,53,-7,53,-7,53,-7,53,-7,53
	DATA -7,53,-7,53,-7,53,-7,53,-7,53
	DATA 7,0,7,0,-7,53,-7,53,-7,53
	DATA -7,53,-7,53,-7,53,-7,53,7,0